%%MatrixMarket matrix coordinate real general
 107 107 479
0 0 1
1 1 1
2 2 1
3 3 1
4 4 1
5 5 1
6 6 1
7 7 1
8 8 1
9 9 1
10 10 1
11 11 1
12 12 1
13 13 1
14 14 1
15 15 1
16 16 1
17 17 1
18 18 1
19 19 1
20 20 1
21 21 1
22 22 1
23 23 1
24 24 1
25 25 1
26 26 1
27 27 1
28 28 1
29 29 1
30 30 1
31 31 1
32 32 3.824394049056836
46 32 -0.4883796392179887
56 32 -0.3066083608487839
57 32 -0.2039938537765512
78 32 -0.8768645800424437
97 32 -0.8548560371160652
98 32 -1.093691578055003
33 33 3.709265066318343
52 33 -0.3601519292916582
55 33 -0.05768470696047608
56 33 -0.2157196130017814
59 33 -0.595859132101479
66 33 -0.9015785427858273
90 33 -0.8152217950543883
95 33 -0.7630493471227312
34 34 3.656342916913343
46 34 -0.2940480025681521
58 34 -0.3163412354649753
77 34 -0.873034719825891
83 34 -0.879629666173699
88 34 -0.5832555754183792
94 34 -0.7100337174622467
35 35 3.681342015738531
47 35 -0.2129406673406418
51 35 -0.398038222960027
60 35 -1.010926341829018
75 35 -0.6894696990006803
91 35 -0.627772018087927
96 35 -0.7421950665202359
36 36 3.774295221854637
45 36 -0.3021770451950404
48 36 -0.1190883008768644
65 36 -1.045256606540425
76 36 -0.7625713204512041
89 36 -0.8287072188499192
93 36 -0.7164947299411839
37 37 3.527941382099959
47 37 -0.250469591504285
52 37 -0.43656990568487
54 37 -0.2323223293160726
59 37 -0.8310463395325862
64 37 -0.5887853822253055
75 37 -0.7990240773161812
81 37 -0.3897237565206593
38 38 3.564857209936863
48 38 -0.3259155759101673
51 38 -0.4881313702424147
57 38 -0.09423358282184444
60 38 -0.7062369688444112
62 38 -0.5868121583402468
65 38 -0.9618471008372323
79 38 -0.4016804529405461
39 39 3.545462325644752
45 39 -0.1557923415492449
49 39 -0.1933585066485916
50 39 -0.1194141904405536
58 39 -0.5711056743781044
61 39 -0.740244904964282
76 39 -0.7773578401651118
80 39 -0.337142484083861
83 39 -0.6510463834150034
40 40 3.559172976616742
53 40 -0.1885426615311982
55 40 -0.2414309119828715
63 40 -0.6647048925001239
66 40 -0.5922776093737874
77 40 -0.5928326160660717
82 40 -0.4369100443291385
92 40 -0.8424742408335513
41 41 3.441542696787026
69 41 -0.3494877759264471
72 41 -0.3931563546947691
84 41 -0.4277615324888431
88 41 -0.5218256547567965
94 41 -0.4317828071207911
99 41 -0.6436606688912935
105 41 -0.6738679029080854
42 42 3.494288715274439
67 42 -0.2129113912532924
73 42 -0.3178829823086367
85 42 -0.4269849402450673
89 42 -0.8084995345258789
93 42 -0.4106370411909664
100 42 -0.6434610558997765
106 42 -0.6739117698508214
43 43 3.476127321879638
68 43 -0.3398833260670883
74 43 -0.2342179155144353
87 43 -0.4311647421350064
91 43 -0.4358873271805002
96 43 -0.6956052835453995
102 43 -0.643660668891293
104 43 -0.695708058545915
44 44 3.499445779789982
70 44 -0.2108670860085256
71 44 -0.2331004522889792
86 44 -0.4242594005911914
90 44 -0.6828378784137776
95 44 -0.6265250577837818
101 44 -0.6430028931707026
103 44 -0.678853011533023
36 45 -0.3021770451950404
39 45 -0.1557923415492449
45 45 3.72067444947798
57 45 -0.6064974353713363
58 45 -0.3521645267576348
65 45 -0.2782133283773578
76 45 -1.03040509397482
98 45 -0.9954246782525464
32 46 -0.4883796392179887
34 46 -0.2940480025681521
46 46 3.50587481283002
56 46 -0.2824558521191523
58 46 -0.5759344424199975
77 46 -0.4750732672214595
92 46 -0.8066115468678811
98 46 -0.5833720624153882
35 47 -0.2129406673406418
37 47 -0.250469591504285
47 47 3.664689804264186
59 47 -0.3011645392331471
60 47 -0.3549314857407699
75 47 -0.9839663423029814
78 47 -0.678130063732441
97 47 -0.8830871144099205
36 48 -0.1190883008768644
38 48 -0.3259155759101673
48 48 3.704201370440105
65 48 -0.6157335375691708
67 48 -0.7969175009753245
79 48 -1.033582016455794
89 48 -0.6974618192779409
39 49 -0.1933585066485916
49 49 3.825986734493745
69 49 -0.805309401678271
80 49 -1.082680391870045
83 49 -0.8552112129079841
88 49 -0.7450231155435145
39 50 -0.1194141904405536
50 50 3.765207734987295
61 50 -0.9715146288012981
73 50 -0.7381656169129217
76 50 -0.9002140268939958
93 50 -0.7290856154273195
35 51 -0.398038222960027
38 51 -0.4881313702424147
51 51 3.599884671302454
60 51 -0.3099997737208298
62 51 -0.8668775517169087
74 51 -0.6976357385460126
96 51 -0.6989437723670142
33 52 -0.3601519292916582
37 52 -0.43656990568487
52 52 3.587272046989485
59 52 -0.48228799471416
64 52 -0.860447183841559
71 52 -0.6648718946073056
95 52 -0.6645670650585364
40 53 -0.1885426615311982
53 53 3.69710739942559
63 53 -0.9058465182509695
72 53 -0.7910272057183401
77 53 -0.708208230507801
94 53 -0.8159713466634633
37 54 -0.2323223293160726
54 54 3.788086867810324
68 54 -0.8158387618180482
75 54 -0.831715459479702
81 54 -1.054021184270817
91 54 -0.7121168295816973
33 55 -0.05768470696047608
40 55 -0.2414309119828715
55 55 3.751064918409498
66 55 -0.822713847849452
70 55 -0.8032731522487315
82 55 -0.990208229301806
90 55 -0.7029853295960373
32 56 -0.3066083608487839
33 56 -0.2157196130017814
46 56 -0.2824558521191523
56 56 3.625850240353729
59 56 -0.5350491336881966
66 56 -0.7172204093324923
78 56 -0.8574965717187593
92 56 -0.7113002996445638
32 57 -0.2039938537765512
38 57 -0.09423358282184444
45 57 -0.6064974353713363
57 57 3.702381499895534
60 57 -0.6640598079360851
65 57 -0.9276001078734956
97 57 -0.9551608128306689
98 57 -0.2508358992855527
34 58 -0.3163412354649753
39 58 -0.5711056743781044
45 58 -0.3521645267576348
46 58 -0.5759344424199975
58 58 3.758847518993204
83 58 -0.9873401972088985
98 58 -0.955961442763593
33 59 -0.595859132101479
37 59 -0.8310463395325862
47 59 -0.3011645392331471
52 59 -0.48228799471416
56 59 -0.5350491336881966
59 59 3.622459675676129
78 59 -0.8770525364065607
35 60 -1.010926341829018
38 60 -0.7062369688444112
47 60 -0.3549314857407699
51 60 -0.3099997737208298
57 60 -0.6640598079360851
60 60 3.655875480489399
97 60 -0.6097211024182843
39 61 -0.740244904964282
50 61 -0.9715146288012981
61 61 3.757672959883523
80 61 -0.9216363133837232
38 62 -0.5868121583402468
51 62 -0.8668775517169087
62 62 3.734845407720877
79 62 -0.8744135234669362
40 63 -0.6647048925001239
53 63 -0.9058465182509695
63 63 3.727044167016115
82 63 -0.8885748836100071
37 64 -0.5887853822253055
52 64 -0.860447183841559
64 64 3.745470636057231
81 64 -0.8882740271863983
36 65 -1.045256606540425
38 65 -0.9618471008372323
45 65 -0.2782133283773578
48 65 -0.6157335375691708
57 65 -0.9276001078734956
65 65 3.828650681197682
33 66 -0.9015785427858273
40 66 -0.5922776093737874
55 66 -0.822713847849452
56 66 -0.7172204093324923
66 66 3.720064717706299
92 66 -0.6862743083647393
42 67 -0.2129113912532924
48 67 -0.7969175009753245
67 67 3.715938686964051
89 67 -0.732050550280673
100 67 -0.8667161548185736
43 68 -0.3398833260670883
54 68 -0.8158387618180482
68 68 3.690640762022145
91 68 -0.5668099556195636
102 68 -0.8688729150887966
41 69 -0.3494877759264471
49 69 -0.805309401678271
69 69 3.692259315210702
88 69 -0.5693534190885359
99 69 -0.868872915088797
44 70 -0.2108670860085256
55 70 -0.8032731522487315
70 70 3.716819451596913
90 70 -0.7278114905003799
101 70 -0.8670646079361963
44 71 -0.2331004522889792
52 71 -0.6648718946073056
71 71 3.706401033996205
95 71 -0.8540926340922206
103 71 -0.8085260936260408
41 72 -0.3931563546947691
53 72 -0.7910272057183401
72 72 3.662608511097977
94 72 -0.585253869187448
105 72 -0.8235228861952635
42 73 -0.3178829823086367
50 73 -0.7381656169129217
73 73 3.67775620347293
93 73 -0.7276107851164424
106 73 -0.8233319394398103
43 74 -0.2342179155144353
51 74 -0.6976357385460126
74 74 3.677894998677239
96 74 -0.7743273708313567
104 74 -0.7953050747786657
35 75 -0.6894696990006803
37 75 -0.7990240773161812
47 75 -0.9839663423029814
54 75 -0.831715459479702
75 75 3.737938932702951
91 75 -0.4337633546034062
36 76 -0.7625713204512041
39 76 -0.7773578401651118
45 76 -1.03040509397482
50 76 -0.9002140268939958
76 76 3.799359245145286
93 76 -0.3288109636601548
34 77 -0.873034719825891
40 77 -0.5928326160660717
46 77 -0.4750732672214595
53 77 -0.708208230507801
77 77 3.592663528046706
92 77 -0.6245513141422347
94 77 -0.3189633802832486
32 78 -0.8768645800424437
47 78 -0.678130063732441
56 78 -0.8574965717187593
59 78 -0.8770525364065607
78 78 3.737009809058382
97 78 -0.4474660571581778
38 79 -0.4016804529405461
48 79 -1.033582016455794
62 79 -0.8744135234669362
79 79 3.799925632831822
39 80 -0.337142484083861
49 80 -1.082680391870045
61 80 -0.9216363133837232
80 80 3.827099662933297
37 81 -0.3897237565206593
54 81 -1.054021184270817
64 81 -0.8882740271863983
81 81 3.802349831512227
40 82 -0.4369100443291385
55 82 -0.990208229301806
63 82 -0.8885748836100071
82 82 3.776841112077769
34 83 -0.879629666173699
39 83 -0.6510463834150034
49 83 -0.8552112129079841
58 83 -0.9873401972088985
83 83 3.769407140232988
88 83 -0.3961796805274037
41 84 -0.4277615324888431
84 84 3.622367919925197
99 84 -0.7634266377441344
105 84 -0.7423445148976167
42 85 -0.4269849402450673
85 85 3.622494824903604
100 85 -0.7639989854820036
106 85 -0.7423629815033249
44 86 -0.4242594005911914
86 86 3.622638841944667
101 86 -0.7642822787421926
103 86 -0.7428319516518539
43 87 -0.4311647421350064
87 87 3.619885448066075
102 87 -0.7634266377441339
104 87 -0.7319914336114287
34 88 -0.5832555754183792
41 88 -0.5218256547567965
49 88 -0.7450231155435145
69 88 -0.5693534190885359
83 88 -0.3961796805274037
88 88 3.513206938657733
94 88 -0.6975694933231025
36 89 -0.8287072188499192
42 89 -0.8084995345258789
48 89 -0.6974618192779409
67 89 -0.732050550280673
89 89 3.698974413258567
93 89 -0.6322552903241554
33 90 -0.8152217950543883
44 90 -0.6828378784137776
55 90 -0.7029853295960373
70 90 -0.7278114905003799
90 90 3.727402906373718
95 90 -0.7985464128091342
35 91 -0.627772018087927
43 91 -0.4358873271805002
54 91 -0.7121168295816973
68 91 -0.5668099556195636
75 91 -0.4337633546034062
91 91 3.522135683610297
96 91 -0.7457861985372025
40 92 -0.8424742408335513
46 92 -0.8066115468678811
56 92 -0.7113002996445638
66 92 -0.6862743083647393
77 92 -0.6245513141422347
92 92 3.67121170985297
36 93 -0.7164947299411839
42 93 -0.4106370411909664
50 93 -0.7290856154273195
73 93 -0.7276107851164424
76 93 -0.3288109636601548
89 93 -0.6322552903241554
93 93 3.544894425660223
34 94 -0.7100337174622467
41 94 -0.4317828071207911
53 94 -0.8159713466634633
72 94 -0.585253869187448
77 94 -0.3189633802832486
88 94 -0.6975694933231025
94 94 3.5595746140403
33 95 -0.7630493471227312
44 95 -0.6265250577837818
52 95 -0.6645670650585364
71 95 -0.8540926340922206
90 95 -0.7985464128091342
95 95 3.706780516866404
35 96 -0.7421950665202359
43 96 -0.6956052835453995
51 96 -0.6989437723670142
74 96 -0.7743273708313567
91 96 -0.7457861985372025
96 96 3.656857691801209
32 97 -0.8548560371160652
47 97 -0.8830871144099205
57 97 -0.9551608128306689
60 97 -0.6097211024182843
78 97 -0.4474660571581778
97 97 3.750291123933116
32 98 -1.093691578055003
45 98 -0.9954246782525464
46 98 -0.5833720624153882
57 98 -0.2508358992855527
58 98 -0.955961442763593
98 98 3.879285660772084
41 99 -0.6436606688912935
69 99 -0.868872915088797
84 99 -0.7634266377441344
99 99 3.682194900591175
42 100 -0.6434610558997765
67 100 -0.8667161548185736
85 100 -0.7639989854820036
100 100 3.680673527049755
44 101 -0.6430028931707026
70 101 -0.8670646079361963
86 101 -0.7642822787421926
101 101 3.680614602144145
43 102 -0.643660668891293
68 102 -0.8688729150887966
87 102 -0.7634266377441339
102 102 3.682194900591174
44 103 -0.678853011533023
71 103 -0.8085260936260408
86 103 -0.7428319516518539
103 103 3.661037194329136
43 104 -0.695708058545915
74 104 -0.7953050747786657
87 104 -0.7319914336114287
104 104 3.663874484140749
41 105 -0.6738679029080854
72 105 -0.8235228861952635
84 105 -0.7423445148976167
105 105 3.666796659301728
42 106 -0.6739117698508214
73 106 -0.8233319394398103
85 106 -0.7423629815033249
106 106 3.666708125421779
